法文学部:45,66,46,96,91,111,141,221,154,6126,6127
教育学部:41,63,42,76,212,158,142,1766551250679,121,122,186,183,184,74,75,155,156
理学部:37,38,53,150,163
医学部:99,1719813733349,103,100,185,191,1761040390085,6059,6060
歯学部:64,65
工学部:35,67,36,129,126,134
農学部:43,125,44,81,145,1773378201325,49,50,56,194,6019,195,151,152,192,193,47,48
水産学部:39,119,40,159,1750817121458,177,149,1780970256816,190,162,89,90
共同獣医学部:131,167,135,146,132
教育研究施設等・総合教育機構:5903,1751607787445,5904
教育研究施設等・共通教育センター:68,198,69,170,137,147,176,138
教育研究施設等・グローバルセンター:6081,6147,6082
教育研究施設等・留学生センター (2000.4-2016.3):139,140
教育研究施設等・留学生交流センター (1999.1-2000.3):6095,6096
教育研究施設等・国際連携推進センター:174,214,175
教育研究施設等・医用ミニブタ・先端医療開発研究センター:172,173,206
教育研究施設等・国際島嶼教育研究センター:32,62,77,203,218,225,33,34,95,93,94,101,102
教育研究施設等・フロンティアサイエンス研究推進センター:160,161,5877
教育研究施設等・自然科学教育研究支援センター:196,197,205
教育研究施設等・南九州・南西諸島域イノベーションセンター:6117,1768116697383,6118,1698796154131
教育研究施設等・産学・地域共創センター (2018.4-2022.3):5883,5882,5905,5934
教育研究施設等・産学連携推進センター (2012.4-2017.3):219,5884,220
教育研究施設等・生涯学習教育研究センター:127,128,166,226
教育研究施設等・地震火山地域防災センター:5981,5982
教育研究施設等・地域防災教育研究センター:87,88,207,1764638847216
教育研究施設等・附属図書館:84,1759113970108,85
教育研究施設等・保健管理センター:223,224
教育研究施設等・稲盛アカデミー:60,61,215,148
教育研究施設等・総合研究博物館:117,118,6020,136,120
教育研究施設等・学術情報基盤センター:178,179,180,210
教育研究施設等・埋蔵文化財調査センター:199,5933,5909,200,211,5936
人文社会科学研究科:51,1706259119655,52,133,216
教育学研究科:1746750615790,1746750837757
理工学研究科:54,92,79,55,157,1782775828553,202,143,114,123,124
保健学研究科:168,169,213
医歯学総合研究科:57,78,80,86,153,144,1771995047492,201,105,58,59
司法政策研究科(法科大学院):97,98
臨床心理学研究科（専門職大学院）:164,5881,187,165,209
共同獣医学研究科:6049,6050,1773024502953
連合農学研究科:70,71,72,5876,1779864072106
連合獣医学研究科:181,217,182
医学部・歯学部附属病院:82,130,83,208,104
事務局:1783997770114,1783998048070
教養部 (1965.4-1997.3):109,110
学内プロジェクト:112,113,1750984277254,204
共同プロジェクト:1762937496460,1762937701263,1762937793172
関連学協会等:106,107,108,115,116